name: AGO
location:
    latitude: 48.372763
    longitude: 17.373933
    altitude: 580