location:
  latitude: 49
  longitude: 18
  altitude: 100000
velocity:
  x: 14265.8477444273035817
  y: 4635.2549156242
  z: -13244.3
mass: 1
time: 2025-10-01T20:20:20