location:
  latitude: 48.372763
  longitude: 17.373933
  altitude: 100000
velocity:
  x: -8682
  y: 28657
  z: -2755
mass: 1
time: 2025-10-01T20:20:20