name: AGO
location:
    latitude: 48.372763
    longitude: 17.273933
    altitude: 580