name: ARBO
location:
    latitude: 48.323447
    longitude: 18.368468
    altitude: 244