name: KNM
location:
  latitude: 49.307336
  longitude: 18.765383
  altitude: 459.61