name: VAZ
location:
  latitude: 49.054427
  longitude: 19.989889
  altitude: 854.82
